#                                                               --- full sequence ---- --- best 1 domain ---- --- domain number estimation ----
# target name        accession  query name           accession    E-value  score  bias   E-value  score  bias   exp reg clu  ov env dom rep inc description of target
#------------------- ---------- -------------------- ---------- --------- ------ ----- --------- ------ -----   --- --- --- --- --- --- --- --- ---------------------
17366_t              -          DNA_methylase        PF00145      1.9e-19   71.1   0.1   1.3e-10   42.0   0.1   2.2   2   0   0   2   2   2   2 -
31986_t              -          DNA_methylase        PF00145      2.9e-10   41.0   0.0   3.3e-10   40.8   0.0   1.1   1   0   0   1   1   1   1 -
957_t                -          DNA_methylase        PF00145       0.0098   16.2   0.0     0.011   16.0   0.0   1.1   1   0   0   1   1   1   1 -
32068_t              -          Histone              PF00125      1.9e-38  131.6   0.3   2.7e-38  131.1   0.3   1.2   1   0   0   1   1   1   1 -
18841_t              -          Histone              PF00125        2e-38  131.5   0.1     3e-38  130.9   0.1   1.3   1   0   0   1   1   1   1 -
3234_t               -          Histone              PF00125        2e-38  131.5   0.1     3e-38  130.9   0.1   1.3   1   0   0   1   1   1   1 -
20603_t              -          Histone              PF00125      2.2e-38  131.4   0.2   3.2e-38  130.8   0.2   1.3   1   0   0   1   1   1   1 -
32021_t              -          Histone              PF00125      2.7e-38  131.1   0.3   4.5e-38  130.4   0.3   1.4   1   0   0   1   1   1   1 -
5715_t               -          Histone              PF00125      6.5e-27   94.6   1.5   6.5e-27   94.6   0.0   1.7   2   0   0   2   2   2   1 -
16282_t              -          Histone              PF00125      2.1e-22   80.1   0.7   3.2e-22   79.6   0.7   1.3   1   0   0   1   1   1   1 -
5714_t               -          Histone              PF00125      2.2e-22   80.1   0.5     3e-22   79.7   0.5   1.2   1   0   0   1   1   1   1 -
4083_t               -          Histone              PF00125      4.2e-22   79.2   0.3   5.3e-22   78.9   0.3   1.1   1   0   0   1   1   1   1 -
4226_t               -          Histone              PF00125      4.3e-22   79.1   1.1     6e-22   78.7   1.1   1.2   1   0   0   1   1   1   1 -
5313_t               -          Histone              PF00125      2.7e-21   76.6   0.4   2.7e-21   76.6   0.4   1.5   2   0   0   2   2   1   1 -
15125_t              -          Histone              PF00125      2.8e-17   63.7   0.0     4e-17   63.2   0.0   1.2   1   0   0   1   1   1   1 -
32069_t              -          Histone              PF00125      1.2e-15   58.5   0.0   1.5e-15   58.2   0.0   1.1   1   0   0   1   1   1   1 -
4081_t               -          Histone              PF00125      1.9e-15   57.8   0.0   2.5e-15   57.5   0.0   1.1   1   0   0   1   1   1   1 -
16283_t              -          Histone              PF00125        2e-15   57.8   0.0   2.5e-15   57.5   0.0   1.1   1   0   0   1   1   1   1 -
11936_t              -          Histone              PF00125      7.8e-11   43.1   0.0   1.3e-10   42.4   0.0   1.2   1   0   0   1   1   1   1 -
19933_t              -          Histone              PF00125      1.3e-05   26.3   0.0   2.4e-05   25.5   0.0   1.4   1   0   0   1   1   1   1 -
20602_t              -          Histone              PF00125      8.8e-05   23.7   0.3   0.00012   23.3   0.3   1.5   1   1   0   1   1   1   1 -
28288_t              -          Histone              PF00125      8.8e-05   23.7   0.3   0.00012   23.3   0.3   1.4   1   1   0   1   1   1   1 -
9368_t               -          Histone              PF00125      0.00016   22.9   0.2   0.00035   21.7   0.2   1.8   1   1   0   1   1   1   1 -
15422_t              -          Histone              PF00125      0.00066   20.9   0.3   0.00086   20.5   0.3   1.4   1   1   0   1   1   1   1 -
7603_t               -          Histone              PF00125       0.0022   19.2   0.4    0.0042   18.3   0.4   1.5   1   0   0   1   1   1   1 -
16615_t              -          SET                  PF00856      1.6e-19   71.1   0.2   6.3e-19   69.2   0.2   2.1   1   0   0   1   1   1   1 -
20582_t              -          SET                  PF00856      1.8e-19   71.0   0.1     1e-18   68.6   0.1   2.3   2   0   0   2   2   2   1 -
18282_t              -          SET                  PF00856      3.2e-14   54.1   0.0     5e-14   53.5   0.0   1.3   1   0   0   1   1   1   1 -
18916_t              -          SET                  PF00856      9.8e-12   46.1   0.1   3.4e-11   44.4   0.1   1.9   1   1   0   1   1   1   1 -
6460_t               -          SET                  PF00856      5.2e-10   40.6   0.1   1.6e-09   39.0   0.0   1.8   2   0   0   2   2   2   1 -
19945_t              -          SET                  PF00856      1.8e-08   35.6   0.1   5.3e-08   34.1   0.1   1.6   1   1   0   1   1   1   1 -
20525_t              -          SET                  PF00856      8.6e-07   30.2   0.7     5e-06   27.8   0.0   2.1   2   0   0   2   2   2   1 -
10099_t              -          SET                  PF00856      7.8e-06   27.2   3.6   6.8e-05   24.1   3.6   2.8   1   1   0   1   1   1   1 -
16090_t              -          SET                  PF00856       0.0002   22.6   0.0   0.00054   21.2   0.0   1.9   1   1   0   1   1   1   1 -
1173_t               -          SET                  PF00856       0.0099   17.2   0.3     0.023   16.0   0.1   1.7   2   0   0   2   2   2   1 -
8056_t               -          SET                  PF00856        0.027   15.8   0.1      0.28   12.5   0.0   2.5   2   0   0   2   2   2   0 -
23240_t              -          SET                  PF00856        0.028   15.7   0.0     0.028   15.7   0.0   2.4   2   1   0   2   2   1   0 -
16520_t              -          SET                  PF00856         0.03   15.6   0.1     0.088   14.1   0.0   1.8   2   0   0   2   2   2   0 -
25671_t              -          SET                  PF00856        0.036   15.4   4.5     0.052   14.9   3.2   1.8   1   1   0   1   1   1   0 -
390_t                -          SET                  PF00856        0.047   15.0   0.0      0.05   14.9   0.0   1.1   1   0   0   1   1   1   0 -
26543_t              -          SET                  PF00856        0.083   14.2   0.0      0.23   12.8   0.0   1.9   2   0   0   2   2   2   0 -
6459_t               -          SET                  PF00856         0.11   13.8   0.1      0.11   13.8   0.1   2.7   2   1   0   2   2   2   0 -
15649_t              -          Acetyltransf_1       PF00583      2.2e-13   51.4   0.0   2.7e-13   51.1   0.0   1.1   1   0   0   1   1   1   1 -
3199_t               -          Acetyltransf_1       PF00583      4.1e-13   50.5   0.2   9.8e-13   49.3   0.2   1.7   1   1   1   2   2   2   1 -
19224_t              -          Acetyltransf_1       PF00583      1.5e-12   48.7   0.0   2.3e-12   48.1   0.0   1.3   1   0   0   1   1   1   1 -
37_t                 -          Acetyltransf_1       PF00583        3e-12   47.7   0.2   6.2e-11   43.4   0.1   2.3   1   1   1   2   2   2   1 -
25138_t              -          Acetyltransf_1       PF00583      1.5e-10   42.3   0.0   3.6e-10   41.0   0.0   1.7   1   1   0   1   1   1   1 -
11934_t              -          Acetyltransf_1       PF00583      2.7e-08   35.0   0.0   4.5e-08   34.2   0.0   1.4   1   0   0   1   1   1   1 -
27362_t              -          Acetyltransf_1       PF00583      7.9e-05   23.8   0.1    0.0011   20.1   0.0   2.1   1   1   1   2   2   2   1 -
1900_t               -          Acetyltransf_1       PF00583      0.00037   21.6   0.0   0.00067   20.8   0.0   1.5   1   0   0   1   1   1   1 -
21102_t              -          Acetyltransf_1       PF00583       0.0016   19.5   0.0    0.0039   18.3   0.0   1.6   1   0   0   1   1   1   1 -
26609_t              -          Acetyltransf_1       PF00583       0.0042   18.2   0.0    0.0078   17.3   0.0   1.4   1   0   0   1   1   1   1 -
6876_t               -          Acetyltransf_1       PF00583         0.16   13.1   0.0      0.25   12.5   0.0   1.4   1   0   0   1   1   1   0 -
17080_t              -          PWWP                 PF00855      5.3e-13   50.2   5.2   2.7e-12   47.9   0.1   3.0   2   0   0   2   2   2   1 -
9694_t               -          PWWP                 PF00855      2.4e-11   44.8   0.2   1.9e-10   42.0   0.4   2.5   2   0   0   2   2   2   1 -
712_t                -          PWWP                 PF00855      2.2e-07   32.1   0.3   5.2e-07   30.9   0.3   1.6   1   0   0   1   1   1   1 -
19307_t              -          PWWP                 PF00855      7.3e-07   30.5   0.1   1.4e-06   29.6   0.1   1.5   1   0   0   1   1   1   1 -
11177_t              -          PWWP                 PF00855       0.0015   19.8   1.7    0.0023   19.3   0.1   2.3   2   0   0   2   2   2   1 -
9838_t               -          Ependymin            PF00811        0.081   13.9   0.1     0.094   13.7   0.1   1.1   1   0   0   1   1   1   0 -
7308_t               -          Bromodomain          PF00439      3.8e-39  133.4  11.3   5.6e-21   75.2   0.5   3.0   2   1   1   3   3   3   2 -
19865_t              -          Bromodomain          PF00439      1.4e-34  118.7   9.5   3.2e-20   72.8   0.6   3.7   3   1   0   3   3   3   2 -
24698_t              -          Bromodomain          PF00439      1.5e-25   89.8   0.4   3.5e-25   88.6   0.4   1.7   1   0   0   1   1   1   1 -
14645_t              -          Bromodomain          PF00439      2.1e-23   82.9   4.4   2.1e-11   44.5   0.1   3.5   3   0   0   3   3   3   2 -
30174_t              -          Bromodomain          PF00439        3e-16   60.0   0.4   6.6e-16   58.9   0.4   1.6   1   1   0   1   1   1   1 -
24394_t              -          Bromodomain          PF00439      8.6e-15   55.3   0.0   2.5e-14   53.9   0.0   1.7   1   0   0   1   1   1   1 -
7674_t               -          Bromodomain          PF00439      2.5e-05   25.0   0.0   6.4e-05   23.7   0.0   1.7   1   0   0   1   1   1   1 -
11164_t              -          Bromodomain          PF00439      0.00098   19.9   0.0    0.0035   18.1   0.0   2.0   1   0   0   1   1   1   1 -
3636_t               -          Bromodomain          PF00439         0.11   13.3   0.6      0.19   12.6   0.0   1.6   2   0   0   2   2   2   0 -
25626_t              -          SMC_N                PF02463      1.5e-59  202.0   0.0   3.4e-59  200.8   0.0   1.7   1   1   0   1   1   1   1 -
32299_t              -          SMC_N                PF02463      1.9e-33  116.6   0.0   2.9e-33  116.0   0.0   1.3   1   1   0   1   1   1   1 -
23648_t              -          SMC_N                PF02463      2.5e-27   96.6   7.2   4.1e-27   95.9   7.2   1.4   1   1   0   1   1   1   1 -
8063_t               -          SMC_N                PF02463      1.4e-24   87.6  26.1     3e-24   86.5  26.1   1.6   1   1   0   1   1   1   1 -
8062_t               -          SMC_N                PF02463      1.3e-12   48.5   0.0   1.7e-12   48.1   0.0   1.1   1   0   0   1   1   1   1 -
1625_t               -          SMC_N                PF02463      2.1e-06   28.2   3.9     0.012   16.0   0.5   3.0   2   1   1   3   3   3   2 -
3200_t               -          SMC_N                PF02463      5.8e-06   26.8   0.0   6.6e-06   26.6   0.0   1.1   1   0   0   1   1   1   1 -
10726_t              -          SMC_N                PF02463      9.9e-06   26.0   2.3   1.2e-05   25.8   1.4   1.5   1   1   0   1   1   1   1 -
864_t                -          SMC_N                PF02463        3e-05   24.4   0.4   4.9e-05   23.7   0.4   1.4   1   0   0   1   1   1   1 -
27638_t              -          SMC_N                PF02463      3.5e-05   24.2   0.6     0.029   14.7   0.3   2.5   1   1   1   2   2   2   2 -
1630_t               -          SMC_N                PF02463      7.4e-05   23.1   7.6   0.00015   22.2   1.1   2.9   2   1   0   2   2   2   1 -
14202_t              -          SMC_N                PF02463      9.9e-05   22.7   0.0    0.0001   22.7   0.0   1.1   1   0   0   1   1   1   1 -
18434_t              -          SMC_N                PF02463      0.00063   20.1   0.8    0.0011   19.3   0.8   1.4   1   0   0   1   1   1   1 -
11600_t              -          SMC_N                PF02463       0.0017   18.7   0.0    0.0031   17.8   0.0   1.3   1   0   0   1   1   1   1 -
1627_t               -          SMC_N                PF02463       0.0023   18.3   0.1    0.0024   18.2   0.1   1.1   1   0   0   1   1   1   1 -
12337_t              -          SMC_N                PF02463       0.0027   18.0   3.2      0.72   10.1   3.2   2.7   1   1   0   1   1   1   1 -
1773_t               -          SMC_N                PF02463       0.0088   16.3   0.3     0.069   13.4   0.3   2.0   1   1   1   2   2   2   1 -
17222_t              -          SMC_N                PF02463        0.027   14.8   0.0     0.027   14.8   0.0   1.1   1   0   0   1   1   1   0 -
1372_t               -          SMC_N                PF02463        0.043   14.1   0.0      0.22   11.8   0.0   2.0   2   0   0   2   2   2   0 -
11376_t              -          SMC_N                PF02463        0.061   13.6   0.1      0.11   12.8   0.1   1.3   1   0   0   1   1   1   0 -
22787_t              -          SMC_N                PF02463        0.068   13.4   0.0      0.11   12.7   0.0   1.3   1   0   0   1   1   1   0 -
10725_t              -          SMC_N                PF02463         0.11   12.8   0.0      0.12   12.6   0.0   1.1   1   0   0   1   1   1   0 -
18735_t              -          SMC_N                PF02463         0.11   12.8   0.0      0.39   11.0   0.0   1.8   1   1   1   2   2   2   0 -
25365_t              -          SMC_N                PF02463         0.24   11.7   0.1      0.36   11.1   0.1   1.3   1   1   0   1   1   1   0 -
11164_t              -          PHD                  PF00628      8.6e-19   68.2  24.5   2.8e-11   44.1   5.2   3.5   3   0   0   3   3   3   2 -
18832_t              -          PHD                  PF00628      2.5e-13   50.7   7.7   5.6e-13   49.6   7.7   1.7   1   0   0   1   1   1   1 -
18559_t              -          PHD                  PF00628      1.3e-10   42.0  14.2   2.7e-10   41.0  14.2   1.6   1   0   0   1   1   1   1 -
7312_t               -          PHD                  PF00628      2.2e-10   41.2   9.5   2.2e-10   41.2   9.5   2.6   2   0   0   2   2   2   1 -
24142_t              -          PHD                  PF00628      8.9e-10   39.3  13.4   8.9e-08   32.9   3.1   2.7   2   0   0   2   2   2   2 -
31645_t              -          PHD                  PF00628      1.1e-09   39.0   4.6   1.1e-09   39.0   4.6   2.4   2   0   0   2   2   1   1 -
9896_t               -          PHD                  PF00628      1.4e-09   38.7  10.4   3.3e-09   37.5  10.4   1.7   1   0   0   1   1   1   1 -
23719_t              -          PHD                  PF00628      2.8e-07   31.3   3.3   6.5e-07   30.1   3.3   1.6   1   0   0   1   1   1   1 -
11748_t              -          PHD                  PF00628        5e-07   30.5   5.2     5e-07   30.5   5.2   2.8   2   1   0   2   2   1   1 -
24699_t              -          PHD                  PF00628      7.1e-07   30.0   1.9   7.1e-07   30.0   1.9   1.9   2   0   0   2   2   1   1 -
13668_t              -          PHD                  PF00628      1.1e-06   29.4   8.7   2.1e-06   28.5   8.7   1.5   1   0   0   1   1   1   1 -
20754_t              -          PHD                  PF00628      8.1e-06   26.6   8.2   1.9e-05   25.4   8.2   1.7   1   0   0   1   1   1   1 -
25138_t              -          PHD                  PF00628      1.1e-05   26.2   4.3   2.6e-05   25.0   4.3   1.7   1   0   0   1   1   1   1 -
12133_t              -          PHD                  PF00628      8.3e-05   23.4   6.9   8.3e-05   23.4   6.9   4.3   3   1   1   4   4   4   1 -
1637_t               -          PHD                  PF00628      0.00063   20.6   4.1    0.0013   19.6   4.1   1.5   1   0   0   1   1   1   1 -
3634_t               -          PHD                  PF00628        0.001   19.9  11.0     0.019   15.8  10.9   2.2   1   1   1   2   2   2   1 -
26226_t              -          PHD                  PF00628       0.0011   19.8   9.8    0.0011   19.8   7.5   2.2   2   0   0   2   2   2   1 -
6459_t               -          PHD                  PF00628       0.0018   19.1  12.5    0.0054   17.6  12.5   1.9   1   0   0   1   1   1   1 -
22775_t              -          PHD                  PF00628       0.0032   18.3   3.3     0.008   17.0   3.3   1.7   1   0   0   1   1   1   1 -
25632_t              -          PHD                  PF00628       0.0038   18.1   2.7     0.012   16.5   2.7   1.9   1   0   0   1   1   1   1 -
3458_t               -          PHD                  PF00628       0.0062   17.4   7.4     0.022   15.6   7.4   2.0   1   0   0   1   1   1   1 -
18738_t              -          PHD                  PF00628        0.019   15.9   3.5     0.019   15.9   3.5   6.1   4   1   2   6   6   4   0 -
31878_t              -          PHD                  PF00628        0.036   15.0   5.8      0.22   12.4   5.5   2.2   1   1   1   2   2   2   0 -
20765_t              -          PHD                  PF00628        0.049   14.5   4.8     0.093   13.6   4.8   1.5   1   0   0   1   1   1   0 -
22687_t              -          PHD                  PF00628         0.17   12.8  11.8     0.082   13.8   6.0   2.5   1   1   0   2   2   2   0 -
18543_t              -          PHD                  PF00628         0.19   12.6   7.2      0.38   11.7   1.6   2.6   3   0   0   3   3   2   0 -
2492_t               -          PHD                  PF00628         0.22   12.4   3.0      0.48   11.4   2.9   1.6   1   1   0   1   1   1   0 -
16704_t              -          PHD                  PF00628         0.37   11.7  13.2       1.8    9.5   8.9   2.9   2   1   0   2   2   2   0 -
8723_t               -          PHD                  PF00628         0.71   10.8  28.6      0.53   11.2   9.9   4.5   3   1   1   4   4   4   0 -
19627_t              -          PHD                  PF00628          1.4    9.9  22.9         4    8.4   8.3   2.9   1   1   1   2   2   2   0 -
6458_t               -          PHD                  PF00628          1.6    9.7  24.9      0.14   13.0   4.5   4.2   3   1   1   4   4   4   0 -
19489_t              -          PHD                  PF00628          2.4    9.1  19.2      0.64   11.0   4.7   3.5   2   1   2   4   4   4   0 -
14281_t              -          PHD                  PF00628          2.5    9.1   8.2        15    6.5   0.9   3.0   1   1   1   2   2   2   0 -
29103_t              -          PHD                  PF00628          2.5    9.0   7.9         6    7.8   7.9   1.6   1   0   0   1   1   1   0 -
30206_t              -          PHD                  PF00628          3.6    8.5   9.4       3.9    8.4   2.4   2.9   2   1   1   3   3   3   0 -
21582_t              -          PHD                  PF00628          5.6    7.9  11.5         1   10.3   4.6   2.6   2   1   1   3   3   2   0 -
22674_t              -          PHD                  PF00628          6.4    7.8  13.9      0.77   10.7   5.8   3.1   1   1   4   5   5   5   0 -
32225_t              -          PHD                  PF00628          6.5    7.7  13.8       8.2    7.4   4.3   2.7   2   0   0   2   2   2   0 -
14688_t              -          PHD                  PF00628          8.1    7.4  23.8       3.5    8.6  11.5   3.8   2   2   1   3   3   3   0 -
8722_t               -          PHD                  PF00628          8.5    7.3  11.2        70    4.4   2.2   3.4   1   1   1   2   2   2   0 -
#
# Program:         hmmsearch
# Version:         3.3 (Nov 2019)
# Pipeline mode:   SEARCH
# Query file:      epigenetic_profiles.hmm
# Target file:     mimus_proteins.fasta
# Option settings: hmmsearch --tblout mimus_epigenetics.txt --cpu 30 epigenetic_profiles.hmm mimus_proteins.fasta 
# Current dir:     /home/user/genome_project/downstream_analysis
# Date:            Mon Jun  8 10:08:19 2026
# [ok]
